<sys>
@   start_pt     end_pt     mins             gencost        windcurtailcost     basiccost      regulationcost     spin_reserve_value      tie_margin      conf_prob     
#   1            16         15               0.00000        1631.02513          0.00000        0.00000            0                      0               0.90000        
</sys>
<unit_dev>
@   name           type           
#   #1风           新能源机组     
#   #2风           新能源机组     
#   #火            传统机组       
</unit_dev>
<unit_uc>
@   name           1       2       3       4       5       6       7       8       9       10      11      12      13      14      15      16      
</unit_uc>
<unit_crv>
@   name           type         1            2            3            4            5            6            7            8            9            10           11           12           13           14           15           16           
#   #1风           popt         33.98969     36.09301     32.91285     31.02719     29.18915     28.29247     28.09393     27.49310     27.07321     26.87616     26.87875     26.88073     26.88666     26.88765     27.28944     31.40408     
#   #2风           popt         34.89544     37.12811     37.18104     37.85299     36.64932     37.18548     36.78363     36.52916     36.43054     35.76315     35.27231     34.90595     34.61038     34.41032     34.32989     34.25293     
#   #火            popt         40.00000     45.40541     46.75676     49.45947     57.50117     58.85251     60.20386     60.20386     65.42416     68.12685     69.47821     70.82956     72.69864     72.69864     72.69864     72.69864     
</unit_crv>
<es_crv>
@   name         type         1            2            3            4            5            6            7            8            9             10            11           12           13           14           15           16            
#   抽蓄         popt         -5.00000     -9.20086     -6.03984     -4.75856     -9.75856     -9.36425     -8.73008     -7.87477     -11.19142     -10.25941     -9.73738     -9.33922     -8.14838     -7.94930     -8.27067     -12.30834     
#   抽蓄         cap          31.08750     33.08869     34.40235     35.43734     37.55983     39.59655     41.49534     43.20810     45.64224      47.87366      49.99154     52.02282     53.79509     55.52407     57.32293     60.00000      
</es_crv>
<tie_crv>
@   name            type         1            2            3            4            5            6            7            8            9            10           11           12           13           14           15           16           
#   test_name_1     popt         61.35135     61.35135     61.35135     61.35135     53.30965     53.30965     53.30965     53.30965     49.44071     49.44071     49.44071     49.44071     50.27434     50.27434     50.27434     50.27434     
</tie_crv>
<pla_crv>
@   name                  type         1            2            3            4            5            6            7            8            9            10           11           12           13           14           15           16           
#   吉林.前郭             popt         68.88513     73.22112     70.09389     68.88018     65.83848     65.47795     64.87756     64.02226     63.50375     62.63930     62.15106     61.78668     61.49704     61.29797     61.61933     65.65701     
#   吉林.长山厂           popt         40.00000     45.40541     46.75676     49.45947     57.50117     58.85251     60.20386     60.20386     65.42416     68.12685     69.47821     70.82956     72.69864     72.69864     72.69864     72.69864     
#   吉林.长岭             popt         0.00000      0.00000      0.00000      0.00000      0.00000      0.00000      0.00000      0.00000      0.00000      0.00000      0.00000      0.00000      0.00000      0.00000      0.00000      0.00000      
#   吉林.乾安风场         popt         0.00000      0.00000      0.00000      0.00000      0.00000      0.00000      0.00000      0.00000      0.00000      0.00000      0.00000      0.00000      0.00000      0.00000      0.00000      0.00000      
#   吉林.北正风场         popt         0.00000      0.00000      0.00000      0.00000      0.00000      0.00000      0.00000      0.00000      0.00000      0.00000      0.00000      0.00000      0.00000      0.00000      0.00000      0.00000      
#   吉林.白城             popt         0.00000      0.00000      0.00000      0.00000      0.00000      0.00000      0.00000      0.00000      0.00000      0.00000      0.00000      0.00000      0.00000      0.00000      0.00000      0.00000      
#   吉林.镇赉             popt         0.00000      0.00000      0.00000      0.00000      0.00000      0.00000      0.00000      0.00000      0.00000      0.00000      0.00000      0.00000      0.00000      0.00000      0.00000      0.00000      
#   吉林.洮南             popt         0.00000      0.00000      0.00000      0.00000      0.00000      0.00000      0.00000      0.00000      0.00000      0.00000      0.00000      0.00000      0.00000      0.00000      0.00000      0.00000      
#   吉林.同发风场         popt         0.00000      0.00000      0.00000      0.00000      0.00000      0.00000      0.00000      0.00000      0.00000      0.00000      0.00000      0.00000      0.00000      0.00000      0.00000      0.00000      
#   吉林.甜水             popt         0.00000      0.00000      0.00000      0.00000      0.00000      0.00000      0.00000      0.00000      0.00000      0.00000      0.00000      0.00000      0.00000      0.00000      0.00000      0.00000      
#   吉林.白城发厂         popt         0.00000      0.00000      0.00000      0.00000      0.00000      0.00000      0.00000      0.00000      0.00000      0.00000      0.00000      0.00000      0.00000      0.00000      0.00000      0.00000      
#   吉林.白城热电厂       popt         0.00000      0.00000      0.00000      0.00000      0.00000      0.00000      0.00000      0.00000      0.00000      0.00000      0.00000      0.00000      0.00000      0.00000      0.00000      0.00000      
#   吉林.高集岗           popt         0.00000      0.00000      0.00000      0.00000      0.00000      0.00000      0.00000      0.00000      0.00000      0.00000      0.00000      0.00000      0.00000      0.00000      0.00000      0.00000      
#   吉林.金厂子           popt         0.00000      0.00000      0.00000      0.00000      0.00000      0.00000      0.00000      0.00000      0.00000      0.00000      0.00000      0.00000      0.00000      0.00000      0.00000      0.00000      
#   吉林.二道江厂         popt         0.00000      0.00000      0.00000      0.00000      0.00000      0.00000      0.00000      0.00000      0.00000      0.00000      0.00000      0.00000      0.00000      0.00000      0.00000      0.00000      
#   吉林.桃源             popt         0.00000      0.00000      0.00000      0.00000      0.00000      0.00000      0.00000      0.00000      0.00000      0.00000      0.00000      0.00000      0.00000      0.00000      0.00000      0.00000      
#   吉林.梅河             popt         0.00000      0.00000      0.00000      0.00000      0.00000      0.00000      0.00000      0.00000      0.00000      0.00000      0.00000      0.00000      0.00000      0.00000      0.00000      0.00000      
#   吉林.水洞             popt         0.00000      0.00000      0.00000      0.00000      0.00000      0.00000      0.00000      0.00000      0.00000      0.00000      0.00000      0.00000      0.00000      0.00000      0.00000      0.00000      
#   吉林.浑江厂           popt         0.00000      0.00000      0.00000      0.00000      0.00000      0.00000      0.00000      0.00000      0.00000      0.00000      0.00000      0.00000      0.00000      0.00000      0.00000      0.00000      
#   吉林.白山             popt         0.00000      0.00000      0.00000      0.00000      0.00000      0.00000      0.00000      0.00000      0.00000      0.00000      0.00000      0.00000      0.00000      0.00000      0.00000      0.00000      
#   吉林.白山热电厂       popt         0.00000      0.00000      0.00000      0.00000      0.00000      0.00000      0.00000      0.00000      0.00000      0.00000      0.00000      0.00000      0.00000      0.00000      0.00000      0.00000      
#   吉林.松江河           popt         0.00000      0.00000      0.00000      0.00000      0.00000      0.00000      0.00000      0.00000      0.00000      0.00000      0.00000      0.00000      0.00000      0.00000      0.00000      0.00000      
#   吉林.六道江           popt         0.00000      0.00000      0.00000      0.00000      0.00000      0.00000      0.00000      0.00000      0.00000      0.00000      0.00000      0.00000      0.00000      0.00000      0.00000      0.00000      
#   吉林.华能煤矸石厂     popt         0.00000      0.00000      0.00000      0.00000      0.00000      0.00000      0.00000      0.00000      0.00000      0.00000      0.00000      0.00000      0.00000      0.00000      0.00000      0.00000      
#   吉林.辽源发厂         popt         0.00000      0.00000      0.00000      0.00000      0.00000      0.00000      0.00000      0.00000      0.00000      0.00000      0.00000      0.00000      0.00000      0.00000      0.00000      0.00000      
#   吉林.东丰             popt         0.00000      0.00000      0.00000      0.00000      0.00000      0.00000      0.00000      0.00000      0.00000      0.00000      0.00000      0.00000      0.00000      0.00000      0.00000      0.00000      
#   吉林.永清             popt         0.00000      0.00000      0.00000      0.00000      0.00000      0.00000      0.00000      0.00000      0.00000      0.00000      0.00000      0.00000      0.00000      0.00000      0.00000      0.00000      
#   吉林.长春二热厂       popt         0.00000      0.00000      0.00000      0.00000      0.00000      0.00000      0.00000      0.00000      0.00000      0.00000      0.00000      0.00000      0.00000      0.00000      0.00000      0.00000      
#   吉林.西郊             popt         0.00000      0.00000      0.00000      0.00000      0.00000      0.00000      0.00000      0.00000      0.00000      0.00000      0.00000      0.00000      0.00000      0.00000      0.00000      0.00000      
#   吉林.合心             popt         0.00000      0.00000      0.00000      0.00000      0.00000      0.00000      0.00000      0.00000      0.00000      0.00000      0.00000      0.00000      0.00000      0.00000      0.00000      0.00000      
#   吉林.长春三热厂       popt         0.00000      0.00000      0.00000      0.00000      0.00000      0.00000      0.00000      0.00000      0.00000      0.00000      0.00000      0.00000      0.00000      0.00000      0.00000      0.00000      
#   吉林.九台厂           popt         0.00000      0.00000      0.00000      0.00000      0.00000      0.00000      0.00000      0.00000      0.00000      0.00000      0.00000      0.00000      0.00000      0.00000      0.00000      0.00000      
#   吉林.龙嘉             popt         0.00000      0.00000      0.00000      0.00000      0.00000      0.00000      0.00000      0.00000      0.00000      0.00000      0.00000      0.00000      0.00000      0.00000      0.00000      0.00000      
#   吉林.长春四热厂       popt         0.00000      0.00000      0.00000      0.00000      0.00000      0.00000      0.00000      0.00000      0.00000      0.00000      0.00000      0.00000      0.00000      0.00000      0.00000      0.00000      
#   吉林.长春一热新厂     popt         0.00000      0.00000      0.00000      0.00000      0.00000      0.00000      0.00000      0.00000      0.00000      0.00000      0.00000      0.00000      0.00000      0.00000      0.00000      0.00000      
#   吉林.金城             popt         0.00000      0.00000      0.00000      0.00000      0.00000      0.00000      0.00000      0.00000      0.00000      0.00000      0.00000      0.00000      0.00000      0.00000      0.00000      0.00000      
#   吉林.米沙子           popt         0.00000      0.00000      0.00000      0.00000      0.00000      0.00000      0.00000      0.00000      0.00000      0.00000      0.00000      0.00000      0.00000      0.00000      0.00000      0.00000      
#   吉林.明城             popt         0.00000      0.00000      0.00000      0.00000      0.00000      0.00000      0.00000      0.00000      0.00000      0.00000      0.00000      0.00000      0.00000      0.00000      0.00000      0.00000      
#   吉林.舒兰             popt         0.00000      0.00000      0.00000      0.00000      0.00000      0.00000      0.00000      0.00000      0.00000      0.00000      0.00000      0.00000      0.00000      0.00000      0.00000      0.00000      
#   吉林.桦甸             popt         0.00000      0.00000      0.00000      0.00000      0.00000      0.00000      0.00000      0.00000      0.00000      0.00000      0.00000      0.00000      0.00000      0.00000      0.00000      0.00000      
#   吉林.城南             popt         0.00000      0.00000      0.00000      0.00000      0.00000      0.00000      0.00000      0.00000      0.00000      0.00000      0.00000      0.00000      0.00000      0.00000      0.00000      0.00000      
#   吉林.蛟河             popt         0.00000      0.00000      0.00000      0.00000      0.00000      0.00000      0.00000      0.00000      0.00000      0.00000      0.00000      0.00000      0.00000      0.00000      0.00000      0.00000      
#   吉林.包家             popt         0.00000      0.00000      0.00000      0.00000      0.00000      0.00000      0.00000      0.00000      0.00000      0.00000      0.00000      0.00000      0.00000      0.00000      0.00000      0.00000      
#   吉林.松花江厂         popt         0.00000      0.00000      0.00000      0.00000      0.00000      0.00000      0.00000      0.00000      0.00000      0.00000      0.00000      0.00000      0.00000      0.00000      0.00000      0.00000      
#   吉林.磐石             popt         0.00000      0.00000      0.00000      0.00000      0.00000      0.00000      0.00000      0.00000      0.00000      0.00000      0.00000      0.00000      0.00000      0.00000      0.00000      0.00000      
#   吉林.铁东             popt         0.00000      0.00000      0.00000      0.00000      0.00000      0.00000      0.00000      0.00000      0.00000      0.00000      0.00000      0.00000      0.00000      0.00000      0.00000      0.00000      
#   吉林.新立             popt         0.00000      0.00000      0.00000      0.00000      0.00000      0.00000      0.00000      0.00000      0.00000      0.00000      0.00000      0.00000      0.00000      0.00000      0.00000      0.00000      
#   吉林.江南热电厂       popt         0.00000      0.00000      0.00000      0.00000      0.00000      0.00000      0.00000      0.00000      0.00000      0.00000      0.00000      0.00000      0.00000      0.00000      0.00000      0.00000      
#   吉林.玉林             popt         0.00000      0.00000      0.00000      0.00000      0.00000      0.00000      0.00000      0.00000      0.00000      0.00000      0.00000      0.00000      0.00000      0.00000      0.00000      0.00000      
#   吉林.金珠             popt         0.00000      0.00000      0.00000      0.00000      0.00000      0.00000      0.00000      0.00000      0.00000      0.00000      0.00000      0.00000      0.00000      0.00000      0.00000      0.00000      
#   吉林.珲春厂           popt         0.00000      0.00000      0.00000      0.00000      0.00000      0.00000      0.00000      0.00000      0.00000      0.00000      0.00000      0.00000      0.00000      0.00000      0.00000      0.00000      
#   吉林.两江电站厂       popt         0.00000      0.00000      0.00000      0.00000      0.00000      0.00000      0.00000      0.00000      0.00000      0.00000      0.00000      0.00000      0.00000      0.00000      0.00000      0.00000      
#   吉林.平安             popt         0.00000      0.00000      0.00000      0.00000      0.00000      0.00000      0.00000      0.00000      0.00000      0.00000      0.00000      0.00000      0.00000      0.00000      0.00000      0.00000      
#   吉林.延吉热电厂       popt         0.00000      0.00000      0.00000      0.00000      0.00000      0.00000      0.00000      0.00000      0.00000      0.00000      0.00000      0.00000      0.00000      0.00000      0.00000      0.00000      
#   吉林.双辽厂           popt         0.00000      0.00000      0.00000      0.00000      0.00000      0.00000      0.00000      0.00000      0.00000      0.00000      0.00000      0.00000      0.00000      0.00000      0.00000      0.00000      
#   吉林.致富             popt         0.00000      0.00000      0.00000      0.00000      0.00000      0.00000      0.00000      0.00000      0.00000      0.00000      0.00000      0.00000      0.00000      0.00000      0.00000      0.00000      
#   吉林.四平热电厂       popt         0.00000      0.00000      0.00000      0.00000      0.00000      0.00000      0.00000      0.00000      0.00000      0.00000      0.00000      0.00000      0.00000      0.00000      0.00000      0.00000      
#   吉林.双辽             popt         0.00000      0.00000      0.00000      0.00000      0.00000      0.00000      0.00000      0.00000      0.00000      0.00000      0.00000      0.00000      0.00000      0.00000      0.00000      0.00000      
#   吉林.梨树             popt         0.00000      0.00000      0.00000      0.00000      0.00000      0.00000      0.00000      0.00000      0.00000      0.00000      0.00000      0.00000      0.00000      0.00000      0.00000      0.00000      
#   吉林.立业             popt         0.00000      0.00000      0.00000      0.00000      0.00000      0.00000      0.00000      0.00000      0.00000      0.00000      0.00000      0.00000      0.00000      0.00000      0.00000      0.00000      
#   吉林.那木斯风电场     popt         0.00000      0.00000      0.00000      0.00000      0.00000      0.00000      0.00000      0.00000      0.00000      0.00000      0.00000      0.00000      0.00000      0.00000      0.00000      0.00000      
#   吉林.腾字风电         popt         0.00000      0.00000      0.00000      0.00000      0.00000      0.00000      0.00000      0.00000      0.00000      0.00000      0.00000      0.00000      0.00000      0.00000      0.00000      0.00000      
#   吉林.大岗风电         popt         0.00000      0.00000      0.00000      0.00000      0.00000      0.00000      0.00000      0.00000      0.00000      0.00000      0.00000      0.00000      0.00000      0.00000      0.00000      0.00000      
#   吉林.水字风场         popt         0.00000      0.00000      0.00000      0.00000      0.00000      0.00000      0.00000      0.00000      0.00000      0.00000      0.00000      0.00000      0.00000      0.00000      0.00000      0.00000      
#   吉林.风水山风场       popt         0.00000      0.00000      0.00000      0.00000      0.00000      0.00000      0.00000      0.00000      0.00000      0.00000      0.00000      0.00000      0.00000      0.00000      0.00000      0.00000      
#   吉林.鑫丰风场         popt         0.00000      0.00000      0.00000      0.00000      0.00000      0.00000      0.00000      0.00000      0.00000      0.00000      0.00000      0.00000      0.00000      0.00000      0.00000      0.00000      
#   吉林.新立风电         popt         0.00000      0.00000      0.00000      0.00000      0.00000      0.00000      0.00000      0.00000      0.00000      0.00000      0.00000      0.00000      0.00000      0.00000      0.00000      0.00000      
#   吉林.向阳风场         popt         0.00000      0.00000      0.00000      0.00000      0.00000      0.00000      0.00000      0.00000      0.00000      0.00000      0.00000      0.00000      0.00000      0.00000      0.00000      0.00000      
#   吉林.马力风电         popt         0.00000      0.00000      0.00000      0.00000      0.00000      0.00000      0.00000      0.00000      0.00000      0.00000      0.00000      0.00000      0.00000      0.00000      0.00000      0.00000      
</pla_crv>
<pst_crv>
@   name         type         1            2            3            4            5            6            7            8            9            10           11           12           13           14           15           16           
#   松原地区     popt         -0.27716     -0.30370     -0.33908     -0.25947     -0.30370     -0.26831     -0.26831     -0.32139     -0.30370     -0.29485     -0.29485     -0.33023     -0.27716     -0.33023     -0.33023     -0.29485     
#   白城地区     popt         6.35715      6.96582      7.77737      5.95138      6.96582      6.15427      6.15427      7.37159      6.96582      6.76293      6.76293      7.57448      6.35715      7.57448      7.57448      6.76293      
#   通化地区     popt         7.54545      8.26789      9.23114      7.06383      8.26789      7.30464      7.30464      8.74952      8.26789      8.02708      8.02708      8.99033      7.54545      8.99033      8.99033      8.02708      
#   白山地区     popt         2.59678      2.84541      3.17691      2.43103      2.84541      2.51390      2.51390      3.01116      2.84541      2.76253      2.76253      3.09403      2.59678      3.09403      3.09403      2.76253      
#   辽源地区     popt         -5.03706     -5.51933     -6.16236     -4.71554     -5.51933     -4.87630     -4.87630     -5.84084     -5.51933     -5.35857     -5.35857     -6.00160     -5.03706     -6.00160     -6.00160     -5.35857     
#   长春地区     popt         22.52169     24.67803     27.55314     21.08414     24.67803     21.80292     21.80292     26.11558     24.67803     23.95925     23.95925     26.83436     22.52169     26.83436     26.83436     23.95925     
#   吉林地区     popt         17.31591     18.97382     21.18436     16.21064     18.97382     16.76327     16.76327     20.07909     18.97382     18.42118     18.42118     20.63172     17.31591     20.63172     20.63172     18.42118     
#   延边地区     popt         6.59326      7.22453      8.06623      6.17242      7.22453      6.38284      6.38284      7.64538      7.22453      7.01411      7.01411      7.85580      6.59326      7.85580      7.85580      7.01411      
#   四平地区     popt         0.03490      0.03824      0.04270      0.03267      0.03824      0.03379      0.03379      0.04047      0.03824      0.03713      0.03713      0.04159      0.03490      0.04159      0.04159      0.03713      
#   dv           popt         0.72494      0.79435      0.88689      0.67866      0.79435      0.70180      0.70180      0.84062      0.79435      0.77121      0.77121      0.86376      0.72494      0.86376      0.86376      0.77121      
</pst_crv>
<dcln_crv>
@   name     type         1             2             3             4             5             6             7             8             9             10            11            12            13            14            15            16            
#   aa       popt         -6.01031      -3.90699      -7.08715      -8.97281      -8.58773      -9.17856      -9.18581      -9.42261      -8.64911      -8.59768      -8.48212      -8.39799      -8.54643      -8.49592      -8.27492      -6.19836      
#   bb       popt         28.88513      33.22112      30.09389      28.88018      28.06159      28.00692      27.59782      27.10655      27.78143      27.16546      26.79019      26.50796      26.06395      25.91440      26.05497      28.05457      
#   cc       popt         23.88513      24.02027      24.05405      24.12162      18.30303      18.64267      18.86774      19.23177      16.59001      16.90606      17.05281      17.16874      17.91557      17.96509      17.78430      15.74622      
#   dd       popt         -40.00000     -40.00000     -40.00000     -40.00000     -37.77689     -37.47103     -37.27974     -36.91571     -35.72232     -35.47384     -35.36087     -35.27872     -35.43309     -35.38357     -35.56436     -37.60244     
</dcln_crv>
<ld_crv>
@   name     type         1             2             3             4             5             6             7             8             9             10            11            12            13            14            15            16            
#   L1       popt         103.88513     109.42568     110.81081     113.58108     113.58108     114.96621     116.35135     116.35135     117.73649     120.50675     121.89189     123.27703     126.04730     126.04730     126.04730     126.04730     
</ld_crv>
<statics_crv>
@   name               type         1             2             3             4             5             6             7             8             9             10            11            12            13            14            15            16            
#   新能源机组总和     popt         108.88513     118.62653     116.85065     118.33964     123.33964     124.33046     125.08142     124.22612     128.92791     130.76616     131.62927     132.61624     134.19568     133.99660     134.31796     138.35564     
#   新能源机组总和     pfur         153.93882     154.04713     150.82555     149.34796     146.73524     146.14696     145.53832     144.67082     144.17355     143.29729     142.80270     142.43352     142.13351     141.93195     142.25834     146.35677     
#   新能源机组总和     plb          0.00000       0.00000       0.00000       0.00000       0.00000       0.00000       0.00000       0.00000       0.00000       0.00000       0.00000       0.00000       0.00000       0.00000       0.00000       0.00000       
#   新能源机组总和     pub          0.00000       0.00000       0.00000       0.00000       0.00000       0.00000       0.00000       0.00000       0.00000       0.00000       0.00000       0.00000       0.00000       0.00000       0.00000       0.00000       
#   传统机组总和       popt         0.00000       0.00000       0.00000       0.00000       0.00000       0.00000       0.00000       0.00000       0.00000       0.00000       0.00000       0.00000       0.00000       0.00000       0.00000       0.00000       
#   传统机组总和       plb          0.00000       0.00000       0.00000       0.00000       0.00000       0.00000       0.00000       0.00000       0.00000       0.00000       0.00000       0.00000       0.00000       0.00000       0.00000       0.00000       
#   传统机组总和       pub          0.00000       0.00000       0.00000       0.00000       0.00000       0.00000       0.00000       0.00000       0.00000       0.00000       0.00000       0.00000       0.00000       0.00000       0.00000       0.00000       
</statics_crv>
